Trial 1:

Initial data: 
87, 26, 59, 74, 19, 30, 35, 38, 16, 39, 
43, 96, 41, 51, 31, 22, 79, 97, 85, 32, 
72, 57, 87, 97, 75, 82, 56, 58, 39, 51, 
9, 78, 28, 19, 51, 98, 48, 37, 35, 15, 
76, 30, 63, 68, 80, 93, 41, 58, 41, 26, 
89, 12, 34, 76, 8, 8, 9, 15, 66, 99, 
17, 26, 76, 97, 44, 78, 94, 91, 15, 81, 
58, 42, 62, 20, 61, 93, 64, 53, 2, 4, 
78, 91, 67, 63, 18, 26, 71, 78, 40, 88, 
76, 57, 13, 4, 53, 56, 81, 98, 98, 47, 

		ONLINE BIN METHODS:

Next fit strategy
Placing data in bins... (data, bin)
 (87, 0), (26, 1), (59, 1), (74, 2), (19, 2), (30, 3), (35, 3), (38, 4), (16, 4), (39, 4), (43, 5),
 (96, 6), (41, 7), (51, 7), (31, 8), (22, 8), (79, 9), (97, 10), (85, 11), (32, 12), (72, 13),
 (57, 14), (87, 15), (97, 16), (75, 17), (82, 18), (56, 19), (58, 20), (39, 20), (51, 21), (9, 21),
 (78, 22), (28, 23), (19, 23), (51, 23), (98, 24), (48, 25), (37, 25), (35, 26), (15, 26), (76, 27),
 (30, 28), (63, 28), (68, 29), (80, 30), (93, 31), (41, 32), (58, 32), (41, 33), (26, 33), (89, 34),
 (12, 35), (34, 35), (76, 36), (8, 36), (8, 36), (9, 37), (15, 37), (66, 37), (99, 38), (17, 39),
 (26, 39), (76, 40), (97, 41), (44, 42), (78, 43), (94, 44), (91, 45), (15, 46), (81, 46), (58, 47),
 (42, 47), (62, 48), (20, 48), (61, 49), (93, 50), (64, 51), (53, 52), (2, 52), (4, 52), (78, 53),
 (91, 54), (67, 55), (63, 56), (18, 56), (26, 57), (71, 57), (78, 58), (40, 59), (88, 60), (76, 61),
 (57, 62), (13, 62), (4, 62), (53, 63), (56, 64), (81, 65), (98, 66), (98, 67), (47, 68),
# of Bins: 69

Bin Contents (bin #, value): 
(0, 87) (1, 85) (2, 93) (3, 65) (4, 93) (5, 43) (6, 96) (7, 92) (8, 53) (9, 79) (10, 97) 
(11, 85) (12, 32) (13, 72) (14, 57) (15, 87) (16, 97) (17, 75) (18, 82) (19, 56) (20, 97) 
(21, 60) (22, 78) (23, 98) (24, 98) (25, 85) (26, 50) (27, 76) (28, 93) (29, 68) (30, 80) 
(31, 93) (32, 99) (33, 67) (34, 89) (35, 46) (36, 92) (37, 90) (38, 99) (39, 43) (40, 76) 
(41, 97) (42, 44) (43, 78) (44, 94) (45, 91) (46, 96) (47, 100) (48, 82) (49, 61) (50, 93) 
(51, 64) (52, 59) (53, 78) (54, 91) (55, 67) (56, 81) (57, 97) (58, 78) (59, 40) (60, 88) 
(61, 76) (62, 74) (63, 53) (64, 56) (65, 81) (66, 98) (67, 98) (68, 47) 

First fit strategy
Placing data in bins... (data, bin)
 (87, 0), (26, 1), (59, 1), (74, 2), (19, 2), (30, 3), (35, 3), (38, 4), (16, 3), (39, 4), (43, 5),
 (96, 6), (41, 5), (51, 7), (31, 7), (22, 4), (79, 8), (97, 9), (85, 10), (32, 11), (72, 12),
 (57, 11), (87, 13), (97, 14), (75, 15), (82, 16), (56, 17), (58, 18), (39, 17), (51, 19), (9, 0),
 (78, 20), (28, 12), (19, 3), (51, 21), (98, 22), (48, 19), (37, 18), (35, 21), (15, 1), (76, 23),
 (30, 24), (63, 24), (68, 25), (80, 26), (93, 27), (41, 28), (58, 28), (41, 29), (26, 25), (89, 30),
 (12, 5), (34, 29), (76, 31), (8, 7), (8, 7), (9, 8), (15, 10), (66, 32), (99, 33), (17, 15),
 (26, 32), (76, 34), (97, 35), (44, 36), (78, 37), (94, 38), (91, 39), (15, 16), (81, 40), (58, 41),
 (42, 36), (62, 42), (20, 20), (61, 43), (93, 44), (64, 45), (53, 46), (2, 0), (4, 2), (78, 47),
 (91, 48), (67, 49), (63, 50), (18, 23), (26, 41), (71, 51), (78, 52), (40, 46), (88, 53), (76, 54),
 (57, 55), (13, 13), (4, 5), (53, 56), (56, 57), (81, 58), (98, 59), (98, 60), (47, 56),
# of Bins: 61

Bin Contents (bin #, value): 
(0, 98) (1, 100) (2, 97) (3, 100) (4, 99) (5, 100) (6, 96) (7, 98) (8, 88) (9, 97) (10, 100) 
(11, 89) (12, 100) (13, 100) (14, 97) (15, 92) (16, 97) (17, 95) (18, 95) (19, 99) (20, 98) 
(21, 86) (22, 98) (23, 94) (24, 93) (25, 94) (26, 80) (27, 93) (28, 99) (29, 75) (30, 89) 
(31, 76) (32, 92) (33, 99) (34, 76) (35, 97) (36, 86) (37, 78) (38, 94) (39, 91) (40, 81) 
(41, 84) (42, 62) (43, 61) (44, 93) (45, 64) (46, 93) (47, 78) (48, 91) (49, 67) (50, 63) 
(51, 71) (52, 78) (53, 88) (54, 76) (55, 57) (56, 100) (57, 56) (58, 81) (59, 98) (60, 98) 


Best fit strategy
Placing data in bins... (data, bin)
 (87, 0) (26, 1) (59, 1) (74, 2) (19, 2) (30, 3) (35, 3) (38, 4) (16, 3) (39, 4) (43, 5)
 (96, 6) (41, 5) (51, 7) (31, 7) (22, 4) (79, 8) (97, 9) (85, 10) (32, 11) (72, 12)
 (57, 11) (87, 13) (97, 14) (75, 15) (82, 16) (56, 17) (58, 18) (39, 18) (51, 19) (9, 11)
 (78, 20) (28, 12) (19, 3) (51, 21) (98, 22) (48, 19) (37, 17) (35, 21) (15, 1) (76, 23)
 (30, 24) (63, 24) (68, 25) (80, 26) (93, 27) (41, 28) (58, 28) (41, 29) (26, 25) (89, 30)
 (12, 0) (34, 29) (76, 31) (8, 30) (8, 13) (9, 21) (15, 10) (66, 32) (99, 33) (17, 7)
 (26, 32) (76, 34) (97, 35) (44, 36) (78, 37) (94, 38) (91, 39) (15, 5) (81, 40) (58, 41)
 (42, 41) (62, 42) (20, 26) (61, 43) (93, 44) (64, 45) (53, 36) (2, 11) (4, 6) (78, 46)
 (91, 47) (67, 48) (63, 49) (18, 16) (26, 48) (71, 50) (78, 51) (40, 52) (88, 53) (76, 54)
 (57, 52) (13, 40) (4, 13) (53, 55) (56, 56) (81, 57) (98, 58) (98, 59) (47, 55)
# of Bins: 60

Bin Contents (bin #, value): 
(0, 99) (1, 100) (2, 93) (3, 100) (4, 99) (5, 99) (6, 100) (7, 99) (8, 79) (9, 97) (10, 100) 
(11, 100) (12, 100) (13, 99) (14, 97) (15, 75) (16, 100) (17, 93) (18, 97) (19, 99) (20, 78) 
(21, 95) (22, 98) (23, 76) (24, 93) (25, 94) (26, 100) (27, 93) (28, 99) (29, 75) (30, 97) 
(31, 76) (32, 92) (33, 99) (34, 76) (35, 97) (36, 97) (37, 78) (38, 94) (39, 91) (40, 94) 
(41, 100) (42, 62) (43, 61) (44, 93) (45, 64) (46, 78) (47, 91) (48, 93) (49, 63) (50, 71) 
(51, 78) (52, 97) (53, 88) (54, 76) (55, 100) (56, 56) (57, 81) (58, 98) (59, 98) 

		OFFLINE BIN METHODS:

First fit strategy
Placing data in bins... (data, bin)
 (99, 0), (98, 1), (98, 2), (98, 3), (97, 4), (97, 5), (97, 6), (96, 7), (94, 8), (93, 9), (93, 10),
 (91, 11), (91, 12), (89, 13), (88, 14), (87, 15), (87, 16), (85, 17), (82, 18), (81, 19), (81, 20),
 (80, 21), (79, 22), (78, 23), (78, 24), (78, 25), (78, 26), (76, 27), (76, 28), (76, 29), (76, 30),
 (75, 31), (74, 32), (72, 33), (71, 34), (68, 35), (67, 36), (66, 37), (64, 38), (63, 39), (63, 40),
 (62, 41), (61, 42), (59, 43), (58, 44), (58, 45), (58, 46), (57, 47), (57, 48), (56, 49), (56, 50),
 (53, 51), (53, 52), (51, 53), (51, 54), (51, 55), (48, 53), (47, 51), (44, 49), (43, 47), (42, 44),
 (41, 43), (41, 45), (41, 46), (40, 48), (39, 42), (39, 50), (38, 41), (37, 39), (35, 38), (35, 40),
 (34, 37), (32, 35), (31, 36), (30, 52), (30, 54), (28, 33), (26, 32), (26, 34), (26, 55), (26, 56),
 (22, 23), (20, 21), (19, 19), (19, 20), (18, 18), (17, 22), (16, 24), (15, 17), (15, 25), (15, 26),
 (13, 15), (12, 14), (9, 11), (9, 12), (8, 13), (8, 16), (4, 7), (4, 8), (2, 1),
# of Bins: 57

Bin Contents (bin #, value): 
(0, 99) (1, 100) (2, 98) (3, 98) (4, 97) (5, 97) (6, 97) (7, 100) (8, 98) (9, 93) (10, 93) 
(11, 100) (12, 100) (13, 97) (14, 100) (15, 100) (16, 95) (17, 100) (18, 100) (19, 100) (20, 100) 
(21, 100) (22, 96) (23, 100) (24, 94) (25, 93) (26, 93) (27, 76) (28, 76) (29, 76) (30, 76) 
(31, 75) (32, 100) (33, 100) (34, 97) (35, 100) (36, 98) (37, 100) (38, 99) (39, 100) (40, 98) 
(41, 100) (42, 100) (43, 100) (44, 100) (45, 99) (46, 99) (47, 100) (48, 97) (49, 100) (50, 95) 
(51, 100) (52, 83) (53, 99) (54, 81) (55, 77) (56, 26) 



Bin Contents (bin #, value): 
(0, 99) (1, 100) (2, 98) (3, 98) (4, 97) (5, 97) (6, 97) (7, 100) (8, 94) (9, 93) (10, 93) 
(11, 100) (12, 100) (13, 97) (14, 100) (15, 100) (16, 99) (17, 100) (18, 100) (19, 100) (20, 100) 
(21, 100) (22, 94) (23, 100) (24, 93) (25, 78) (26, 78) (27, 76) (28, 76) (29, 76) (30, 76) 
(31, 75) (32, 100) (33, 100) (34, 97) (35, 100) (36, 98) (37, 100) (38, 99) (39, 100) (40, 98) 
(41, 100) (42, 100) (43, 100) (44, 100) (45, 99) (46, 99) (47, 100) (48, 97) (49, 100) (50, 95) 
(51, 100) (52, 100) (53, 99) (54, 97) (55, 77) (56, 26) 

Results: 69, 61, 60, 57, 57, 

Winners: Offline First Fit, Offline Best Fit, 

=======================================
